                         [38;2;108;112;134m+[38;2;108;112;134m+   [38;2;108;112;134m+[38;2;108;112;134m+[38;2;108;112;134m+[38;2;108;112;134m+[38;2;108;112;134m+[38;2;108;112;134m+[0m
                 [38;2;108;112;134m+[38;2;108;112;134m=[38;2;108;112;134m=[38;2;108;112;134m=[38;2;108;112;134m+[38;2;108;112;134m+[38;2;108;112;134m+[38;2;203;166;247m*[38;2;205;214;244m#[38;2;203;166;247m*[38;2;203;166;247m*[38;2;108;112;134m+[38;2;108;112;134m+[38;2;203;166;247m*[38;2;205;214;244m#[38;2;205;214;244m#[38;2;205;214;244m#[38;2;205;214;244m#[38;2;203;166;247m*[38;2;108;112;134m+[38;2;108;112;134m+[38;2;108;112;134m+[38;2;108;112;134m+[38;2;108;112;134m+[0m
       [38;2;108;112;134m:[38;2;108;112;134m:    [38;2;108;112;134m+[38;2;108;112;134m+[38;2;108;112;134m+[38;2;203;166;247m*[38;2;203;166;247m*[38;2;205;214;244m#[38;2;205;214;244m#[38;2;205;214;244m#[38;2;205;214;244m#[38;2;203;166;247m*[38;2;203;166;247m*[38;2;203;166;247m*[38;2;108;112;134m+[38;2;203;166;247m*[38;2;203;166;247m*[38;2;205;214;244m#[38;2;205;214;244m#[38;2;205;214;244m#[38;2;203;166;247m*[38;2;108;112;134m-[38;2;108;112;134m+[38;2;203;166;247m*[38;2;205;214;244m#[38;2;205;214;244m#[38;2;205;214;244m#[38;2;205;214;244m#[38;2;205;214;244m#[38;2;203;166;247m*[38;2;108;112;134m+[38;2;108;112;134m+[38;2;108;112;134m+[0m
     [38;2;108;112;134m:[38;2;108;112;134m:[38;2;108;112;134m:[38;2;108;112;134m-  [38;2;108;112;134m+[38;2;203;166;247m*[38;2;205;214;244m#[38;2;205;214;244m#[38;2;205;214;244m#[38;2;205;214;244m#[38;2;205;214;244m#[38;2;205;214;244m#[38;2;205;214;244m#[38;2;205;214;244m#[38;2;205;214;244m#[38;2;205;214;244m#[38;2;205;214;244m#[38;2;205;214;244m#[38;2;205;214;244m#[38;2;205;214;244m#[38;2;205;214;244m#[38;2;203;166;247m*[38;2;205;214;244m#[38;2;205;214;244m#[38;2;203;166;247m*[38;2;108;112;134m:[38;2;108;112;134m:[38;2;108;112;134m:[38;2;108;112;134m=[38;2;205;214;244m#[38;2;205;214;244m#[38;2;205;214;244m#[38;2;205;214;244m#[38;2;205;214;244m#[38;2;205;214;244m#[38;2;205;214;244m#[38;2;205;214;244m#[38;2;203;166;247m*[38;2;108;112;134m+[0m
    [38;2;108;112;134m:[38;2;108;112;134m:[38;2;108;112;134m:[38;2;108;112;134m:[38;2;108;112;134m-[38;2;203;166;247m*[38;2;205;214;244m#[38;2;205;214;244m#[38;2;205;214;244m#[38;2;205;214;244m#[38;2;205;214;244m#[38;2;205;214;244m#[38;2;205;214;244m#[38;2;205;214;244m#[38;2;205;214;244m#[38;2;205;214;244m#[38;2;205;214;244m#[38;2;205;214;244m#[38;2;205;214;244m#[38;2;205;214;244m#[38;2;205;214;244m#[38;2;205;214;244m#[38;2;205;214;244m#[38;2;205;214;244m#[38;2;205;214;244m#[38;2;205;214;244m#[38;2;205;214;244m#[38;2;205;214;244m#[38;2;108;112;134m+[38;2;108;112;134m:[38;2;108;112;134m:[38;2;108;112;134m:[38;2;108;112;134m-[38;2;205;214;244m#[38;2;205;214;244m#[38;2;205;214;244m#[38;2;205;214;244m#[38;2;205;214;244m#[38;2;205;214;244m#[38;2;205;214;244m#[38;2;205;214;244m#[38;2;108;112;134m+[38;2;108;112;134m+[0m
    [38;2;108;112;134m:[38;2;108;112;134m:[38;2;108;112;134m:[38;2;108;112;134m:[38;2;108;112;134m=[38;2;203;166;247m*[38;2;205;214;244m#[38;2;205;214;244m#[38;2;205;214;244m#[38;2;205;214;244m#[38;2;205;214;244m#[38;2;205;214;244m#[38;2;205;214;244m#[38;2;205;214;244m#[38;2;205;214;244m#[38;2;205;214;244m#[38;2;205;214;244m#[38;2;205;214;244m#[38;2;205;214;244m#[38;2;205;214;244m#[38;2;205;214;244m#[38;2;205;214;244m#[38;2;205;214;244m#[38;2;205;214;244m#[38;2;205;214;244m#[38;2;205;214;244m#[38;2;205;214;244m#[38;2;205;214;244m#[38;2;205;214;244m#[38;2;108;112;134m-[38;2;108;112;134m:[38;2;108;112;134m:[38;2;108;112;134m:[38;2;108;112;134m-[38;2;205;214;244m#[38;2;205;214;244m#[38;2;205;214;244m#[38;2;205;214;244m#[38;2;205;214;244m#[38;2;205;214;244m#[38;2;205;214;244m#[38;2;205;214;244m#[38;2;203;166;247m*[38;2;108;112;134m+[38;2;108;112;134m+[0m
    [38;2;108;112;134m:[38;2;108;112;134m:[38;2;108;112;134m:[38;2;108;112;134m:[38;2;108;112;134m+[38;2;205;214;244m#[38;2;205;214;244m#[38;2;205;214;244m#[38;2;205;214;244m#[38;2;205;214;244m#[38;2;205;214;244m#[38;2;205;214;244m#[38;2;205;214;244m#[38;2;205;214;244m#[38;2;205;214;244m#[38;2;205;214;244m#[38;2;205;214;244m#[38;2;205;214;244m#[38;2;205;214;244m#[38;2;205;214;244m#[38;2;205;214;244m#[38;2;205;214;244m#[38;2;205;214;244m#[38;2;205;214;244m#[38;2;205;214;244m#[38;2;205;214;244m#[38;2;205;214;244m#[38;2;205;214;244m#[38;2;203;166;247m*[38;2;108;112;134m:[38;2;108;112;134m:[38;2;108;112;134m:[38;2;108;112;134m:[38;2;108;112;134m:[38;2;203;166;247m*[38;2;205;214;244m#[38;2;205;214;244m#[38;2;205;214;244m#[38;2;205;214;244m#[38;2;205;214;244m#[38;2;205;214;244m#[38;2;205;214;244m#[38;2;205;214;244m#[38;2;205;214;244m#[38;2;205;214;244m#[38;2;108;112;134m+[38;2;203;166;247m*[38;2;203;166;247m*[0m
    [38;2;108;112;134m:[38;2;108;112;134m:[38;2;108;112;134m:[38;2;108;112;134m-[38;2;203;166;247m*[38;2;205;214;244m#[38;2;205;214;244m#[38;2;205;214;244m#[38;2;205;214;244m#[38;2;205;214;244m#[38;2;205;214;244m#[38;2;205;214;244m#[38;2;205;214;244m#[38;2;205;214;244m#[38;2;205;214;244m#[38;2;205;214;244m#[38;2;205;214;244m#[38;2;205;214;244m#[38;2;205;214;244m#[38;2;205;214;244m#[38;2;205;214;244m#[38;2;205;214;244m#[38;2;205;214;244m#[38;2;205;214;244m#[38;2;205;214;244m#[38;2;205;214;244m#[38;2;205;214;244m#[38;2;108;112;134m+[38;2;108;112;134m:[38;2;108;112;134m:[38;2;108;112;134m:[38;2;108;112;134m:[38;2;108;112;134m:[38;2;108;112;134m:[38;2;205;214;244m#[38;2;205;214;244m#[38;2;205;214;244m#[38;2;205;214;244m#[38;2;205;214;244m#[38;2;205;214;244m#[38;2;205;214;244m#[38;2;205;214;244m#[38;2;205;214;244m#[38;2;205;214;244m#[38;2;203;166;247m*[38;2;108;112;134m+[38;2;108;112;134m+[38;2;203;166;247m*[38;2;203;166;247m*[38;2;203;166;247m*[38;2;203;166;247m*[0m
    [38;2;108;112;134m:[38;2;108;112;134m:[38;2;108;112;134m:[38;2;108;112;134m-[38;2;108;112;134m+[38;2;205;214;244m#[38;2;205;214;244m#[38;2;205;214;244m#[38;2;205;214;244m#[38;2;205;214;244m#[38;2;205;214;244m#[38;2;205;214;244m#[38;2;205;214;244m#[38;2;205;214;244m#[38;2;205;214;244m#[38;2;205;214;244m#[38;2;205;214;244m#[38;2;205;214;244m#[38;2;205;214;244m#[38;2;205;214;244m#[38;2;205;214;244m#[38;2;205;214;244m#[38;2;205;214;244m#[38;2;205;214;244m#[38;2;205;214;244m#[38;2;205;214;244m#[38;2;203;166;247m*[38;2;108;112;134m:[38;2;108;112;134m:[38;2;108;112;134m:[38;2;108;112;134m:[38;2;108;112;134m:[38;2;108;112;134m:[38;2;108;112;134m+[38;2;205;214;244m#[38;2;205;214;244m#[38;2;205;214;244m#[38;2;205;214;244m#[38;2;205;214;244m#[38;2;205;214;244m#[38;2;205;214;244m#[38;2;205;214;244m#[38;2;205;214;244m#[38;2;205;214;244m#[38;2;205;214;244m#[38;2;203;166;247m*[38;2;203;166;247m*[38;2;203;166;247m*[38;2;203;166;247m*[38;2;108;112;134m+[38;2;108;112;134m+[38;2;108;112;134m+[38;2;203;166;247m*[38;2;203;166;247m*[38;2;203;166;247m*[38;2;203;166;247m*[38;2;203;166;247m*[0m
      [38;2;108;112;134m-[38;2;108;112;134m-[38;2;108;112;134m+[38;2;205;214;244m#[38;2;205;214;244m#[38;2;205;214;244m#[38;2;205;214;244m#[38;2;205;214;244m#[38;2;205;214;244m#[38;2;205;214;244m#[38;2;205;214;244m#[38;2;205;214;244m#[38;2;205;214;244m#[38;2;205;214;244m#[38;2;205;214;244m#[38;2;205;214;244m#[38;2;205;214;244m#[38;2;205;214;244m#[38;2;205;214;244m#[38;2;205;214;244m#[38;2;205;214;244m#[38;2;205;214;244m#[38;2;205;214;244m#[38;2;205;214;244m#[38;2;205;214;244m#[38;2;108;112;134m=[38;2;108;112;134m:[38;2;108;112;134m:[38;2;108;112;134m:[38;2;108;112;134m:[38;2;108;112;134m=[38;2;205;214;244m#[38;2;205;214;244m#[38;2;205;214;244m#[38;2;205;214;244m#[38;2;205;214;244m#[38;2;205;214;244m#[38;2;205;214;244m#[38;2;205;214;244m#[38;2;205;214;244m#[38;2;205;214;244m#[38;2;205;214;244m#[38;2;205;214;244m#[38;2;205;214;244m#[38;2;108;112;134m+[38;2;108;112;134m+[38;2;108;112;134m+[38;2;203;166;247m*[38;2;203;166;247m*[38;2;108;112;134m+[38;2;203;166;247m*[38;2;203;166;247m*[38;2;203;166;247m*[38;2;203;166;247m*[38;2;203;166;247m*[38;2;203;166;247m*[38;2;203;166;247m*[38;2;203;166;247m*[38;2;203;166;247m*[0m
       [38;2;108;112;134m+[38;2;108;112;134m+[38;2;205;214;244m#[38;2;205;214;244m#[38;2;205;214;244m#[38;2;203;166;247m*[38;2;205;214;244m#[38;2;205;214;244m#[38;2;205;214;244m#[38;2;205;214;244m#[38;2;205;214;244m#[38;2;205;214;244m#[38;2;205;214;244m#[38;2;205;214;244m#[38;2;205;214;244m#[38;2;205;214;244m#[38;2;205;214;244m#[38;2;205;214;244m#[38;2;205;214;244m#[38;2;205;214;244m#[38;2;205;214;244m#[38;2;205;214;244m#[38;2;205;214;244m#[38;2;205;214;244m#[38;2;205;214;244m#[38;2;203;166;247m*[38;2;108;112;134m-[38;2;108;112;134m=[38;2;108;112;134m+[38;2;203;166;247m*[38;2;203;166;247m*[38;2;205;214;244m#[38;2;205;214;244m#[38;2;205;214;244m#[38;2;205;214;244m#[38;2;205;214;244m#[38;2;205;214;244m#[38;2;205;214;244m#[38;2;205;214;244m#[38;2;205;214;244m#[38;2;205;214;244m#[38;2;205;214;244m#[38;2;203;166;247m*[38;2;108;112;134m+[38;2;108;112;134m+[38;2;108;112;134m+[38;2;203;166;247m*[38;2;108;112;134m+[38;2;108;112;134m+[38;2;108;112;134m+[38;2;108;112;134m+[38;2;203;166;247m*[38;2;203;166;247m*[38;2;203;166;247m*[38;2;203;166;247m*[38;2;203;166;247m*[38;2;203;166;247m*[38;2;203;166;247m*[38;2;203;166;247m*[38;2;203;166;247m*[0m
       [38;2;108;112;134m+[38;2;203;166;247m*[38;2;205;214;244m#[38;2;205;214;244m#[38;2;205;214;244m#[38;2;108;112;134m+[38;2;203;166;247m*[38;2;205;214;244m#[38;2;205;214;244m#[38;2;205;214;244m#[38;2;205;214;244m#[38;2;205;214;244m#[38;2;205;214;244m#[38;2;205;214;244m#[38;2;205;214;244m#[38;2;205;214;244m#[38;2;205;214;244m#[38;2;205;214;244m#[38;2;205;214;244m#[38;2;205;214;244m#[38;2;205;214;244m#[38;2;205;214;244m#[38;2;205;214;244m#[38;2;205;214;244m#[38;2;205;214;244m#[38;2;205;214;244m#[38;2;203;166;247m*[38;2;203;166;247m*[38;2;108;112;134m+[38;2;203;166;247m*[38;2;108;112;134m+[38;2;203;166;247m*[38;2;203;166;247m*[38;2;205;214;244m#[38;2;205;214;244m#[38;2;205;214;244m#[38;2;205;214;244m#[38;2;205;214;244m#[38;2;205;214;244m#[38;2;205;214;244m#[38;2;205;214;244m#[38;2;203;166;247m*[38;2;203;166;247m*[38;2;108;112;134m+[38;2;108;112;134m+[38;2;108;112;134m+[38;2;203;166;247m*[38;2;203;166;247m*[38;2;203;166;247m*[38;2;108;112;134m+[38;2;203;166;247m*[38;2;203;166;247m*[38;2;203;166;247m*[38;2;203;166;247m*[38;2;203;166;247m*[38;2;203;166;247m*[38;2;203;166;247m*[38;2;203;166;247m*[38;2;108;112;134m+[38;2;203;166;247m*[38;2;203;166;247m*[0m
       [38;2;108;112;134m+[38;2;203;166;247m*[38;2;205;214;244m#[38;2;205;214;244m#[38;2;205;214;244m#[38;2;203;166;247m*[38;2;108;112;134m+[38;2;203;166;247m*[38;2;205;214;244m#[38;2;205;214;244m#[38;2;205;214;244m#[38;2;205;214;244m#[38;2;205;214;244m#[38;2;205;214;244m#[38;2;205;214;244m#[38;2;205;214;244m#[38;2;205;214;244m#[38;2;205;214;244m#[38;2;205;214;244m#[38;2;205;214;244m#[38;2;205;214;244m#[38;2;205;214;244m#[38;2;205;214;244m#[38;2;205;214;244m#[38;2;205;214;244m#[38;2;203;166;247m*[38;2;203;166;247m*[38;2;203;166;247m*[38;2;108;112;134m+[38;2;203;166;247m*[38;2;203;166;247m*[38;2;203;166;247m*[38;2;203;166;247m*[38;2;203;166;247m*[38;2;205;214;244m#[38;2;205;214;244m#[38;2;205;214;244m#[38;2;205;214;244m#[38;2;205;214;244m#[38;2;205;214;244m#[38;2;205;214;244m#[38;2;203;166;247m*[38;2;203;166;247m*[38;2;203;166;247m*[38;2;108;112;134m+[38;2;108;112;134m+[38;2;108;112;134m+[38;2;203;166;247m*[38;2;203;166;247m*[38;2;108;112;134m+[38;2;203;166;247m*[38;2;203;166;247m*[38;2;203;166;247m*[38;2;203;166;247m*[38;2;203;166;247m*[38;2;203;166;247m*[38;2;203;166;247m*[38;2;203;166;247m*[38;2;203;166;247m*[38;2;203;166;247m*[38;2;203;166;247m*[38;2;203;166;247m*[0m
       [38;2;108;112;134m+[38;2;108;112;134m+[38;2;203;166;247m*[38;2;205;214;244m#[38;2;205;214;244m#[38;2;205;214;244m#[38;2;245;194;231m%[38;2;203;166;247m*[38;2;108;112;134m+[38;2;203;166;247m*[38;2;205;214;244m#[38;2;205;214;244m#[38;2;205;214;244m#[38;2;205;214;244m#[38;2;205;214;244m#[38;2;205;214;244m#[38;2;245;194;231m%@[38;2;245;194;231m%[38;2;205;214;244m#[38;2;205;214;244m#[38;2;205;214;244m#[38;2;205;214;244m#[38;2;203;166;247m*[38;2;203;166;247m*[38;2;203;166;247m*[38;2;203;166;247m*[38;2;245;194;231m%[38;2;245;194;231m%[38;2;245;194;231m%[38;2;205;214;244m#[38;2;205;214;244m#[38;2;245;194;231m%[38;2;245;194;231m%[38;2;205;214;244m#[38;2;205;214;244m#[38;2;205;214;244m#[38;2;205;214;244m#[38;2;205;214;244m#[38;2;205;214;244m#[38;2;205;214;244m#[38;2;205;214;244m#[38;2;203;166;247m*[38;2;203;166;247m*[38;2;108;112;134m+[38;2;108;112;134m+[38;2;108;112;134m+[38;2;108;112;134m+[38;2;108;112;134m+[38;2;108;112;134m+[38;2;108;112;134m+[38;2;108;112;134m+[38;2;108;112;134m+[38;2;108;112;134m+[38;2;108;112;134m+[38;2;108;112;134m+[38;2;108;112;134m+[38;2;203;166;247m*[38;2;203;166;247m*[38;2;203;166;247m*[38;2;203;166;247m*[38;2;203;166;247m*[0m
          [38;2;203;166;247m*[38;2;203;166;247m*[38;2;205;214;244m#@[38;2;245;194;231m%[38;2;203;166;247m*[38;2;203;166;247m*[38;2;108;112;134m+[38;2;203;166;247m*[38;2;203;166;247m*[38;2;203;166;247m*[38;2;203;166;247m*[38;2;203;166;247m*[38;2;205;214;244m#@[38;2;205;214;244m#[38;2;203;166;247m*[38;2;108;112;134m+[38;2;203;166;247m*[38;2;203;166;247m*[38;2;203;166;247m*[38;2;203;166;247m*[38;2;108;112;134m+[38;2;203;166;247m*[38;2;245;194;231m%[38;2;245;194;231m%[38;2;245;194;231m%[38;2;205;214;244m#[38;2;205;214;244m#[38;2;205;214;244m#[38;2;205;214;244m#[38;2;205;214;244m#[38;2;205;214;244m#[38;2;205;214;244m#[38;2;205;214;244m#[38;2;205;214;244m#[38;2;205;214;244m#[38;2;205;214;244m#[38;2;205;214;244m#[38;2;203;166;247m*[38;2;203;166;247m*[38;2;108;112;134m+[38;2;108;112;134m+[38;2;108;112;134m+[38;2;108;112;134m+[38;2;108;112;134m+[38;2;108;112;134m+[38;2;108;112;134m+[38;2;108;112;134m+[38;2;108;112;134m+[38;2;108;112;134m+[38;2;108;112;134m+[38;2;108;112;134m+[38;2;108;112;134m+[38;2;203;166;247m*[38;2;203;166;247m*[38;2;203;166;247m*[38;2;203;166;247m*[38;2;203;166;247m*[0m
          [38;2;203;166;247m*[38;2;203;166;247m*[38;2;108;112;134m+[38;2;203;166;247m*[38;2;203;166;247m*[38;2;108;112;134m+[38;2;203;166;247m*[38;2;203;166;247m*[38;2;203;166;247m*[38;2;203;166;247m*[38;2;108;112;134m+[38;2;203;166;247m*[38;2;203;166;247m*[38;2;203;166;247m*[38;2;108;112;134m+[38;2;203;166;247m*[38;2;203;166;247m*[38;2;203;166;247m*[38;2;203;166;247m*[38;2;203;166;247m*[38;2;203;166;247m*[38;2;203;166;247m*[38;2;203;166;247m*[38;2;245;194;231m%[38;2;245;194;231m%[38;2;205;214;244m#[38;2;205;214;244m#[38;2;205;214;244m#[38;2;205;214;244m#[38;2;205;214;244m#[38;2;205;214;244m#[38;2;205;214;244m#[38;2;205;214;244m#[38;2;205;214;244m#[38;2;205;214;244m#[38;2;205;214;244m#[38;2;205;214;244m#[38;2;203;166;247m*[38;2;203;166;247m*[38;2;203;166;247m*[38;2;203;166;247m*[38;2;108;112;134m+[38;2;108;112;134m+[38;2;108;112;134m+[38;2;108;112;134m+[38;2;108;112;134m+[38;2;108;112;134m+[38;2;108;112;134m+[38;2;108;112;134m+[38;2;108;112;134m+[38;2;108;112;134m+[38;2;108;112;134m+[38;2;108;112;134m+[38;2;108;112;134m+[38;2;203;166;247m*[38;2;203;166;247m*[38;2;203;166;247m*[38;2;203;166;247m*[38;2;203;166;247m*[38;2;203;166;247m*[0m
           [38;2;203;166;247m*[38;2;203;166;247m*[38;2;108;112;134m+[38;2;203;166;247m*[38;2;203;166;247m*[38;2;203;166;247m*[38;2;203;166;247m*[38;2;203;166;247m*[38;2;203;166;247m*[38;2;203;166;247m*[38;2;203;166;247m*[38;2;203;166;247m*[38;2;108;112;134m+[38;2;108;112;134m+[38;2;203;166;247m*[38;2;203;166;247m*[38;2;203;166;247m*[38;2;203;166;247m*[38;2;108;112;134m+[38;2;203;166;247m*[38;2;203;166;247m*[38;2;245;194;231m%[38;2;245;194;231m%[38;2;245;194;231m%[38;2;205;214;244m#[38;2;205;214;244m#[38;2;205;214;244m#[38;2;205;214;244m#[38;2;205;214;244m#[38;2;205;214;244m#[38;2;205;214;244m#[38;2;205;214;244m#[38;2;205;214;244m#[38;2;205;214;244m#[38;2;205;214;244m#[38;2;205;214;244m#[38;2;203;166;247m*[38;2;203;166;247m*[38;2;203;166;247m*[38;2;203;166;247m*[38;2;108;112;134m+[38;2;108;112;134m+[38;2;108;112;134m+[38;2;108;112;134m+[38;2;108;112;134m+[38;2;108;112;134m+[38;2;108;112;134m+[38;2;108;112;134m+[38;2;108;112;134m+[38;2;108;112;134m+[38;2;108;112;134m+[38;2;108;112;134m+[38;2;108;112;134m+[38;2;203;166;247m*[38;2;203;166;247m*[38;2;203;166;247m*[38;2;203;166;247m*[38;2;203;166;247m*[38;2;203;166;247m*[0m
           [38;2;203;166;247m*[38;2;203;166;247m*[38;2;203;166;247m*[38;2;203;166;247m*[38;2;108;112;134m+[38;2;203;166;247m*[38;2;203;166;247m*[38;2;203;166;247m*[38;2;203;166;247m*[38;2;203;166;247m*[38;2;203;166;247m*[38;2;203;166;247m*[38;2;203;166;247m*[38;2;203;166;247m*[38;2;203;166;247m*[38;2;203;166;247m*[38;2;203;166;247m*[38;2;203;166;247m*[38;2;108;112;134m+[38;2;205;214;244m#[38;2;245;194;231m%[38;2;245;194;231m%[38;2;245;194;231m%[38;2;245;194;231m%[38;2;205;214;244m#[38;2;205;214;244m#[38;2;205;214;244m#[38;2;205;214;244m#[38;2;205;214;244m#[38;2;205;214;244m#[38;2;205;214;244m#[38;2;205;214;244m#[38;2;205;214;244m#[38;2;205;214;244m#[38;2;205;214;244m#[38;2;203;166;247m*[38;2;108;112;134m+[38;2;203;166;247m*[38;2;108;112;134m+[38;2;108;112;134m+[38;2;108;112;134m+[38;2;108;112;134m+[38;2;108;112;134m+[38;2;108;112;134m+[38;2;108;112;134m+[38;2;108;112;134m+[38;2;108;112;134m+[38;2;108;112;134m+[38;2;108;112;134m+[38;2;108;112;134m+[38;2;108;112;134m+[38;2;108;112;134m+[38;2;108;112;134m+[38;2;108;112;134m+[38;2;108;112;134m+[38;2;203;166;247m*[38;2;203;166;247m*[38;2;108;112;134m+[38;2;203;166;247m*[0m
           [38;2;203;166;247m*[38;2;203;166;247m*[38;2;108;112;134m+[38;2;108;112;134m+[38;2;108;112;134m+[38;2;108;112;134m+[38;2;108;112;134m+[38;2;108;112;134m+[38;2;108;112;134m+[38;2;108;112;134m+[38;2;203;166;247m*[38;2;203;166;247m*[38;2;203;166;247m*[38;2;203;166;247m*[38;2;203;166;247m*[38;2;203;166;247m*[38;2;203;166;247m*[38;2;203;166;247m*[38;2;205;214;244m#[38;2;245;194;231m%[38;2;245;194;231m%[38;2;205;214;244m#[38;2;205;214;244m#[38;2;205;214;244m#[38;2;205;214;244m#[38;2;205;214;244m#[38;2;205;214;244m#[38;2;205;214;244m#[38;2;205;214;244m#[38;2;205;214;244m#[38;2;205;214;244m#[38;2;205;214;244m#[38;2;203;166;247m*[38;2;203;166;247m*[38;2;108;112;134m+[38;2;203;166;247m*[38;2;203;166;247m*[38;2;203;166;247m*[38;2;203;166;247m*[38;2;108;112;134m+[38;2;108;112;134m+[38;2;108;112;134m+[38;2;108;112;134m+[38;2;108;112;134m+[38;2;108;112;134m+[38;2;108;112;134m+[38;2;108;112;134m+[38;2;108;112;134m+[38;2;108;112;134m+[38;2;108;112;134m+[38;2;108;112;134m+[38;2;108;112;134m+[38;2;108;112;134m+[38;2;108;112;134m+[38;2;203;166;247m*[38;2;203;166;247m*[38;2;203;166;247m*[38;2;203;166;247m*[38;2;203;166;247m*[38;2;203;166;247m*[0m
           [38;2;203;166;247m*[38;2;108;112;134m+[38;2;203;166;247m*[38;2;245;194;231m%[38;2;245;194;231m%[38;2;245;194;231m%[38;2;245;194;231m%[38;2;245;194;231m%[38;2;203;166;247m*[38;2;108;112;134m+[38;2;108;112;134m+[38;2;203;166;247m*[38;2;203;166;247m*[38;2;203;166;247m*[38;2;203;166;247m*[38;2;203;166;247m*[38;2;203;166;247m*[38;2;245;194;231m%[38;2;245;194;231m%[38;2;245;194;231m%[38;2;245;194;231m%[38;2;205;214;244m#[38;2;205;214;244m#[38;2;205;214;244m#[38;2;205;214;244m#[38;2;205;214;244m#[38;2;205;214;244m#[38;2;205;214;244m#[38;2;205;214;244m#[38;2;205;214;244m#[38;2;205;214;244m#[38;2;205;214;244m#[38;2;203;166;247m*[38;2;203;166;247m*[38;2;203;166;247m*[38;2;108;112;134m+[38;2;108;112;134m+[38;2;108;112;134m+[38;2;108;112;134m+[38;2;108;112;134m+[38;2;108;112;134m+[38;2;108;112;134m+[38;2;108;112;134m+[38;2;108;112;134m+[38;2;108;112;134m+[38;2;108;112;134m+[38;2;108;112;134m+[38;2;108;112;134m+[38;2;108;112;134m+[38;2;108;112;134m+[38;2;108;112;134m+[38;2;108;112;134m+[38;2;108;112;134m+[38;2;108;112;134m+[38;2;108;112;134m+[38;2;108;112;134m+[38;2;108;112;134m+[38;2;108;112;134m+[38;2;203;166;247m*[38;2;203;166;247m*[0m
           [38;2;203;166;247m*[38;2;108;112;134m+[38;2;108;112;134m=[38;2;108;112;134m+[38;2;245;194;231m%[38;2;245;194;231m%[38;2;245;194;231m%[38;2;108;112;134m+[38;2;108;112;134m=[38;2;108;112;134m=[38;2;108;112;134m=[38;2;108;112;134m+[38;2;203;166;247m*[38;2;203;166;247m*[38;2;203;166;247m*[38;2;205;214;244m#[38;2;245;194;231m%[38;2;245;194;231m%[38;2;245;194;231m%[38;2;245;194;231m%[38;2;205;214;244m#[38;2;205;214;244m#[38;2;205;214;244m#[38;2;205;214;244m#[38;2;205;214;244m#[38;2;205;214;244m#[38;2;205;214;244m#[38;2;205;214;244m#[38;2;205;214;244m#[38;2;205;214;244m#[38;2;205;214;244m#[38;2;205;214;244m#[38;2;203;166;247m*[38;2;203;166;247m*[38;2;203;166;247m*[38;2;108;112;134m+[38;2;203;166;247m*[38;2;203;166;247m*[38;2;203;166;247m*[38;2;108;112;134m+[38;2;108;112;134m+[38;2;203;166;247m*[38;2;203;166;247m*[38;2;108;112;134m+[38;2;108;112;134m+[38;2;108;112;134m+[38;2;108;112;134m+[38;2;108;112;134m+[38;2;108;112;134m+[38;2;203;166;247m*[38;2;203;166;247m*[38;2;203;166;247m*[38;2;108;112;134m+[38;2;108;112;134m+[38;2;108;112;134m+[38;2;203;166;247m*[38;2;203;166;247m*[38;2;203;166;247m*[38;2;203;166;247m*[38;2;203;166;247m*[38;2;203;166;247m*[0m
            [38;2;108;112;134m+[38;2;108;112;134m=[38;2;108;112;134m+[38;2;203;166;247m*[38;2;108;112;134m+[38;2;203;166;247m*[38;2;245;194;231m%[38;2;108;112;134m=[38;2;108;112;134m=[38;2;108;112;134m=[38;2;108;112;134m+[38;2;108;112;134m+[38;2;203;166;247m*[38;2;245;194;231m%[38;2;245;194;231m%[38;2;205;214;244m#[38;2;205;214;244m#[38;2;205;214;244m#[38;2;205;214;244m#[38;2;205;214;244m#[38;2;205;214;244m#[38;2;205;214;244m#[38;2;205;214;244m#[38;2;205;214;244m#[38;2;205;214;244m#[38;2;205;214;244m#[38;2;205;214;244m#[38;2;205;214;244m#[38;2;203;166;247m*[38;2;203;166;247m*[38;2;203;166;247m*[38;2;108;112;134m+[38;2;203;166;247m*[38;2;108;112;134m+[38;2;203;166;247m*[38;2;203;166;247m*[38;2;203;166;247m*[38;2;203;166;247m*[38;2;203;166;247m*[38;2;108;112;134m+[38;2;203;166;247m*[38;2;203;166;247m*[38;2;203;166;247m*[38;2;203;166;247m*[38;2;203;166;247m*[38;2;108;112;134m+[38;2;203;166;247m*[38;2;203;166;247m*[38;2;203;166;247m*[38;2;203;166;247m*[38;2;203;166;247m*[38;2;203;166;247m*[38;2;203;166;247m*[38;2;203;166;247m*[38;2;203;166;247m*[38;2;203;166;247m*[38;2;203;166;247m*[38;2;203;166;247m*[38;2;203;166;247m*[38;2;203;166;247m*[38;2;203;166;247m*[38;2;203;166;247m* [38;2;203;166;247m*[38;2;203;166;247m*[38;2;203;166;247m*[0m
              [38;2;108;112;134m+[38;2;108;112;134m=[38;2;108;112;134m+[38;2;108;112;134m+[38;2;108;112;134m+[38;2;108;112;134m+[38;2;108;112;134m+[38;2;108;112;134m+[38;2;108;112;134m+[38;2;203;166;247m*[38;2;205;214;244m#[38;2;245;194;231m%[38;2;205;214;244m#[38;2;205;214;244m#[38;2;205;214;244m#[38;2;205;214;244m#[38;2;205;214;244m#[38;2;205;214;244m#[38;2;205;214;244m#[38;2;205;214;244m#[38;2;205;214;244m#[38;2;205;214;244m#[38;2;205;214;244m#[38;2;205;214;244m#[38;2;203;166;247m*[38;2;203;166;247m*[38;2;203;166;247m*[38;2;108;112;134m+[38;2;108;112;134m+[38;2;108;112;134m+[38;2;203;166;247m*[38;2;203;166;247m*[38;2;203;166;247m*[38;2;203;166;247m*[38;2;203;166;247m*[38;2;203;166;247m*[38;2;203;166;247m*[38;2;203;166;247m*[38;2;203;166;247m*[38;2;203;166;247m*[38;2;203;166;247m*[38;2;203;166;247m*[38;2;203;166;247m*[38;2;203;166;247m*[38;2;203;166;247m*[38;2;203;166;247m*[38;2;203;166;247m*[38;2;203;166;247m*[38;2;203;166;247m*[38;2;203;166;247m*[38;2;203;166;247m*[38;2;203;166;247m*[38;2;203;166;247m*[0m
                 [38;2;205;214;244m#[38;2;203;166;247m*[38;2;203;166;247m*[38;2;203;166;247m*[38;2;108;112;134m+[38;2;108;112;134m+[38;2;205;214;244m#[38;2;245;194;231m%[38;2;205;214;244m#[38;2;205;214;244m#[38;2;205;214;244m#[38;2;205;214;244m#[38;2;205;214;244m#[38;2;205;214;244m#[38;2;205;214;244m#[38;2;205;214;244m#[38;2;205;214;244m#[38;2;205;214;244m#[38;2;205;214;244m#[38;2;203;166;247m*[38;2;203;166;247m*[38;2;203;166;247m*[38;2;108;112;134m+[38;2;108;112;134m+[38;2;108;112;134m+[38;2;108;112;134m+[38;2;203;166;247m*[38;2;203;166;247m*[38;2;203;166;247m*[38;2;203;166;247m*[38;2;203;166;247m*[38;2;203;166;247m*[38;2;203;166;247m*[38;2;203;166;247m*[38;2;203;166;247m*[38;2;203;166;247m*[38;2;203;166;247m*[38;2;203;166;247m*[38;2;203;166;247m* [38;2;203;166;247m*[38;2;108;112;134m+[38;2;203;166;247m*[38;2;108;112;134m+[38;2;108;112;134m+[38;2;203;166;247m*[38;2;203;166;247m*[38;2;203;166;247m*[38;2;108;112;134m+[38;2;203;166;247m*[0m
                 [38;2;205;214;244m#[38;2;205;214;244m#[38;2;203;166;247m*[38;2;203;166;247m*[38;2;203;166;247m*[38;2;205;214;244m#[38;2;205;214;244m#[38;2;205;214;244m#[38;2;203;166;247m*[38;2;205;214;244m#[38;2;205;214;244m#[38;2;205;214;244m#[38;2;203;166;247m*    [38;2;203;166;247m*[38;2;203;166;247m*[38;2;203;166;247m*[38;2;108;112;134m+[38;2;108;112;134m+[38;2;108;112;134m+[38;2;108;112;134m+[38;2;203;166;247m*[38;2;203;166;247m*[38;2;203;166;247m*[38;2;108;112;134m+[38;2;108;112;134m+  [38;2;203;166;247m*[38;2;203;166;247m*[38;2;203;166;247m*[38;2;203;166;247m*[38;2;203;166;247m*[38;2;203;166;247m*[38;2;203;166;247m*[38;2;203;166;247m*  [38;2;203;166;247m*[38;2;203;166;247m*[38;2;203;166;247m*[38;2;203;166;247m*[38;2;203;166;247m*[38;2;203;166;247m*[38;2;203;166;247m*[38;2;203;166;247m*[38;2;203;166;247m*[0m
                  [38;2;203;166;247m*[38;2;203;166;247m*[38;2;203;166;247m*[38;2;203;166;247m*[38;2;205;214;244m#[38;2;203;166;247m*[38;2;203;166;247m*[38;2;203;166;247m*[38;2;203;166;247m*[38;2;205;214;244m#      [38;2;203;166;247m*[38;2;203;166;247m*[38;2;203;166;247m*[38;2;203;166;247m*[38;2;203;166;247m*[38;2;203;166;247m*[38;2;203;166;247m*[38;2;203;166;247m*[38;2;108;112;134m+[38;2;203;166;247m*[38;2;203;166;247m*   [38;2;203;166;247m*[38;2;203;166;247m*[38;2;203;166;247m*[38;2;203;166;247m*[38;2;203;166;247m*[38;2;203;166;247m*[38;2;203;166;247m*    [38;2;203;166;247m*[38;2;203;166;247m*[38;2;203;166;247m*[38;2;203;166;247m*[38;2;203;166;247m*[38;2;203;166;247m*[38;2;203;166;247m*[38;2;203;166;247m*[0m
                   [38;2;203;166;247m*[38;2;203;166;247m*[38;2;203;166;247m*[38;2;203;166;247m*[38;2;203;166;247m*[38;2;203;166;247m*[38;2;203;166;247m*[38;2;203;166;247m*[38;2;203;166;247m*       [38;2;203;166;247m*[38;2;203;166;247m*[38;2;203;166;247m*[38;2;203;166;247m*[38;2;108;112;134m+[38;2;203;166;247m*[38;2;203;166;247m*[38;2;203;166;247m*[38;2;203;166;247m*    [38;2;203;166;247m*[38;2;203;166;247m*[38;2;203;166;247m*[38;2;203;166;247m*[38;2;203;166;247m*[38;2;203;166;247m*[38;2;203;166;247m*     [38;2;203;166;247m*[38;2;203;166;247m*[38;2;203;166;247m*[38;2;203;166;247m*[38;2;203;166;247m*[38;2;203;166;247m*[38;2;203;166;247m*[38;2;108;112;134m+[0m
                   [38;2;203;166;247m*[38;2;203;166;247m*[38;2;203;166;247m*[38;2;203;166;247m*[38;2;203;166;247m*[38;2;203;166;247m*[38;2;203;166;247m*[38;2;203;166;247m*[38;2;203;166;247m*       [38;2;203;166;247m*[38;2;203;166;247m*[38;2;108;112;134m+[38;2;203;166;247m*[38;2;203;166;247m*[38;2;203;166;247m*[38;2;203;166;247m*[38;2;203;166;247m*[38;2;203;166;247m*   [38;2;108;112;134m+[38;2;203;166;247m*[38;2;108;112;134m+[38;2;203;166;247m*[38;2;203;166;247m*[38;2;203;166;247m*[38;2;203;166;247m*      [38;2;203;166;247m*[38;2;203;166;247m*[38;2;203;166;247m*[38;2;203;166;247m*[38;2;203;166;247m*[38;2;203;166;247m*[38;2;203;166;247m*[0m
                    [38;2;203;166;247m*[38;2;108;112;134m+[38;2;203;166;247m*[38;2;203;166;247m*[38;2;203;166;247m*[38;2;203;166;247m*[38;2;203;166;247m*[38;2;203;166;247m*       [38;2;203;166;247m*[38;2;203;166;247m*[38;2;108;112;134m+[38;2;203;166;247m*[38;2;203;166;247m*[38;2;203;166;247m*[38;2;203;166;247m*[38;2;203;166;247m*[38;2;108;112;134m+   [38;2;108;112;134m=[38;2;108;112;134m=[38;2;108;112;134m+[38;2;108;112;134m+[38;2;108;112;134m+[38;2;108;112;134m+[38;2;108;112;134m+     [38;2;203;166;247m*[38;2;203;166;247m*[38;2;108;112;134m+[38;2;203;166;247m*[38;2;203;166;247m*[38;2;203;166;247m*[38;2;203;166;247m*[38;2;108;112;134m+[0m
                    [38;2;203;166;247m*[38;2;203;166;247m*[38;2;203;166;247m*[38;2;203;166;247m*[38;2;203;166;247m*[38;2;203;166;247m*[38;2;203;166;247m*[38;2;203;166;247m*[38;2;203;166;247m*      [38;2;203;166;247m*[38;2;203;166;247m*[38;2;203;166;247m*[38;2;203;166;247m*[38;2;203;166;247m*[38;2;203;166;247m*[38;2;203;166;247m*[38;2;203;166;247m*[38;2;203;166;247m*  [38;2;108;112;134m=[38;2;108;112;134m=[38;2;108;112;134m=[38;2;108;112;134m=[38;2;108;112;134m=[38;2;108;112;134m=[38;2;108;112;134m+      [38;2;203;166;247m*[38;2;203;166;247m*[38;2;203;166;247m*[38;2;108;112;134m+[38;2;108;112;134m+[38;2;203;166;247m*[38;2;203;166;247m*[0m
                     [38;2;203;166;247m*[38;2;108;112;134m+[38;2;203;166;247m*[38;2;203;166;247m*[38;2;203;166;247m*[38;2;108;112;134m+[38;2;203;166;247m*[38;2;203;166;247m*      [38;2;203;166;247m*[38;2;203;166;247m*[38;2;203;166;247m*[38;2;203;166;247m*[38;2;203;166;247m*[38;2;203;166;247m*[38;2;203;166;247m*[38;2;203;166;247m*    [38;2;108;112;134m+[38;2;108;112;134m=[38;2;108;112;134m=[38;2;108;112;134m=[38;2;108;112;134m=       [38;2;108;112;134m=[38;2;108;112;134m=[38;2;108;112;134m+[38;2;108;112;134m+[38;2;108;112;134m=[38;2;108;112;134m=[0m
                     [38;2;108;112;134m+[38;2;108;112;134m+[38;2;203;166;247m*[38;2;203;166;247m*[38;2;203;166;247m*[38;2;203;166;247m*[38;2;203;166;247m*[38;2;108;112;134m+      [38;2;203;166;247m*[38;2;203;166;247m*[38;2;108;112;134m+[38;2;203;166;247m*[38;2;203;166;247m*[38;2;203;166;247m*[38;2;203;166;247m*[38;2;108;112;134m+               [38;2;108;112;134m+[38;2;108;112;134m=[38;2;108;112;134m=[38;2;108;112;134m=[38;2;108;112;134m=[38;2;108;112;134m=[38;2;108;112;134m=[0m
                     [38;2;108;112;134m+[38;2;108;112;134m+[38;2;108;112;134m+[38;2;108;112;134m+[38;2;108;112;134m+[38;2;108;112;134m+[38;2;108;112;134m+       [38;2;203;166;247m*[38;2;108;112;134m+[38;2;108;112;134m+[38;2;108;112;134m+[38;2;108;112;134m+[38;2;108;112;134m+[38;2;108;112;134m+[38;2;108;112;134m+                [38;2;108;112;134m+[38;2;108;112;134m=[38;2;108;112;134m=[38;2;108;112;134m=[38;2;108;112;134m=[0m
[0m
